JDCT = 2458727.082175930
Date = A.D. 2019-Aug-31 13:58:20.0004
EC = 1.014929702526263E-02
QR = 1.863065983668786E+03
IN = 9.046426285929432E+01
OM = 2.767166363381043E+02
W = 1.592542518904401E+02
Tp = 2.458727105701046E+06
N = 4.913114813050577E-02
MA = 2.601375039350467E+02
TA = 2.589942283237052E+02
A = 1.882168672578428E+03
AD = 1.901271361488071E+03
PR = 7.327327239407097E+03


