JDCT = 2458727.082175930
Date = A.D. 2019-Aug-31 13:58:20.0004
EC = 7.409889135656969E-02
QR = 3.570811476368441E+05
IN = 5.108256041148019E+00
OM = 1.061487432639851E+02
W = 2.321626008304473E+02
Tp = 2.458726053755126E+06
N = 1.519646822964904E-04
MA = 1.350290656364886E+01
TA = 1.568036641744135E+01
A = 3.856579761093666E+05
AD = 4.142348045818891E+05
PR = 2.368971491004881E+06


