JDCT = 2458727.081400460
Date = A.D. 2019-Aug-31 13:57:12.9998
EC = 7.409988421022973E-02
QR = 3.570813074716372E+05
IN = 5.108259691608838E+00
OM = 1.061488439147856E+02
W = 5.216397148443160E+01
Tp = 2.458726053851691E+06
N = 1.519643358342936E-04
MA = 1.349142620802697E+01
TA = 1.566711225021177E+01
A = 3.856585622813705E+05
AD = 4.142358170911037E+05
PR = 2.368976892002836E+06


